1
{0.699999999999999956,3.86916000256367898,-0.081701435570433259,1.13603462771142172,-0.00537772027957647038,0.101741326134977841,0.00132543945967325636,-0.00929184978688042153,0.000105069503750836611,-0.00129793885939395747,-2.58598783367982868e-05,0.000196033731777714459,-1.76439986987469688e-06,1.99400001288138523e-05,5.03086050021511466e-07,-4.11036356092582439e-06,2.77684356380133505e-08,-3.14578311492686524e-07,-9.70749677061561481e-09,8.29746359476201079e-08,-4.13314963545939716e-10,4.81601501599553617e-09}
{0.95042431299376029,0.0575947483046903227,-0.270264711917058253,-0.131209602883424648,-0.0138016755327064599,0.0527923585831628281,0.0111058570904696459,0.00330742530554196989,0.000645553812836016584,-0.00227477775217860495,-0.000317070818646742218,-3.54402383410800056e-05,-2.3495415699226704e-05,5.8933787498081122e-05,7.89238014099969579e-06,-1.0550846071784631e-06,5.44112988656743402e-07,-1.30070223166649554e-06,-9.27935122463114916e-07,4.39235981643361652e-08,-1.0513235318027548e-05,5.81995727061884288e-08}
{
{0.8424501438197185,0.126511067361129409,-0.0956011442980133769,1.01159775953262055e-05,0.137738635427765904,0.0373282796187372895,-0.0164748956439917868,-0.182750914226372685,-0.0235334937321215847,-0.154473820437424414,-0.0132358915499360373,-0.00930231247668815431,-0.000606146971582684647,0.00281601573654986564,0.000290727761815018089,5.40921531236448095e-05,2.32244262482662871e-05,-5.79945832210455216e-05,-6.79881582858805882e-06,9.18328948986816082e-07,2.93115191884762275e-07,0.110362221710983699},
{-0.183580277278483417,-0.776886830810424089,-0.224248242692109384,6.36980787963077091e-06,0.0268604595945580761,0.0484546644239601046,0.00976420543336192596,0.0940406449202417644,0.0124471254331830969,0.0793074342956412576,0.00675300840008069211,0.00505329290185873442,0.000313633585644476881,-0.00138947013235396878,-0.000145740834195472679,-2.92236564851017412e-05,-1.17976335195271946e-05,2.88954432993823473e-05,3.39780511862784246e-06,-4.26908748174048079e-07,-3.83672285614092558e-07,-0.0255681783396282322},
{-0.230617367901376435,0.028384443604538994,-0.0219508491961721182,-3.96516131231980662e-06,0.106592230530052595,-0.0139587418707192608,-0.0271546387893809478,-0.505888505239697639,-0.067549031869133816,-0.407072976843271594,-0.0355338153657377281,-0.0230756776773539361,-0.00143392849778133146,0.00732027746713628542,0.000783156038191832097,0.000100117765130915118,5.65397522995316116e-05,-0.000150466388816131017,-1.8370734601750969e-05,3.28720633680880864e-06,1.79612524762091225e-06,0.154895985838030326},
{0.424232976748721624,0.589664449984774186,-0.896286507152328271,1.38057593592063414e-07,0.461315771918196116,0.186760580291523537,-0.0173146323572293849,-0.101008597099700698,-0.00915202969203909172,-0.103076803877043641,-0.00848283296441495679,-0.00707573834542932645,-0.000566953141674529778,0.00202871671320321509,0.000187411554872119455,6.70316430555093433e-05,2.00378006122013498e-05,-4.20112176276320152e-05,-4.36035453340832571e-06,4.49128298910312829e-09,-2.09226435641429794e-06,0.369561571151369173},
{-0.00375202931876450702,-0.0224522135406113668,0.0156625540840539014,7.96368232892973125e-07,-0.0829310505638890944,0.019255773092772429,0.0396152740183560795,-0.298862619726084522,-0.0317937365753978712,-0.326355841411743286,-0.0282989157258320308,-0.0215626021768913732,-0.00169202201222902514,0.00635153334472095526,0.000624613846588611813,0.000173305849695174879,6.01014815501941491e-05,-0.00013201349566206567,-1.45515640169077598e-05,8.82486514822231945e-07,9.01327826957510531e-06,-0.787997440372840807},
{-0.144617792997569883,0.175834332804185783,-0.368273531568198809,-7.51067683816496304e-06,-0.825287338160707429,-0.27543404958539569,-0.0967806361904414159,0.214425036195051016,0.0182859937948003266,0.301975698883026389,0.0265208811782306937,0.0212707777820789097,0.00182308490649658156,-0.00611928478973437859,-0.000586146321728668184,-0.000197504774322751763,-6.2474440470284431e-05,0.00012801612037893241,1.36144377666835349e-05,-1.59336856757056555e-07,9.84453070082954883e-07,-0.453495271063137306},
{0.0076750446507195683,0.000638010646047551663,0.00100671631346657686,1.53423836901841854e-06,0.0150724423547897741,-0.0191600081737431441,0.991211904187437653,0,-2.18021377946560725e-18,8.82363621076184538e-18,3.02443336108340861e-19,-1.30024423410875701e-18,1.58858399536146062e-20,-6.51421314582041639e-20,6.95697294325766101e-21,-1.49056718272915149e-21,2.66947361004835577e-22,-3.44547457328567329e-22,-2.70220724045655841e-22,3.06542241707886264e-23,-2.61458354376791822e-20,3.26736785028225726e-15},
{-0.0492147492224727021,-0.0213271949040891654,-0.0293276003510187094,-1.57249316464864186e-05,-0.260543566134554982,-0.914164626418545567,0.0631853503839878983,0.504490493141417806,8.37202091314793109e-17,4.39139042443750024e-16,4.01980208157920843e-17,3.23555346456409512e-17,1.93037352314659681e-18,-8.68535136690106445e-18,-8.40698070614078022e-19,-1.87594949843929775e-19,-9.1928795295326603e-20,1.94089995470991989e-19,2.34695853521824824e-20,-2.53990855228751743e-21,2.86837844212864681e-21,-7.80630811082465742e-16},
{-8.97886226558033431e-05,0.000743548304303140429,-0.000602037653489853847,-2.4423319295672677e-06,0.00127568579224890898,0.00600350438311481483,0.00272298454930137556,-0.0891993144836190216,0.994583359390796562,5.40254633984031199e-17,2.77761154763743992e-18,3.11808548652526634e-18,1.82825193298087072e-19,-7.42271225171174495e-19,-9.64545565712366986e-20,-1.9674282464955252e-20,-5.4037198461731364e-21,1.880334367555291e-20,2.6817403098766867e-21,-2.59476366640537799e-22,-2.58625246363079299e-19,3.22855728806598751e-14},
{0.00244612905912605216,-0.00735721360693106317,0.00542600359758609735,2.03797580298527676e-05,0.00093998450265871461,-0.220880706707166974,0.0339098867282552341,-0.540224358623727752,-0.0638381293194054955,0.770624827711778093,3.47477606952154063e-17,7.02147709014709961e-18,6.56998796715683256e-19,-3.49626457612701333e-18,-3.28001588039406392e-19,-5.48299740149219435e-20,-2.73499631643910267e-20,5.61030193932060256e-22,3.42374121740940325e-21,-8.53998476879284197e-22,-7.02772877750248115e-20,8.67550044609414434e-15},
{-0.000207159506226521937,-3.69116762999093236e-05,-2.22311152266599509e-05,-2.35567080023648037e-05,-0.000490704202746843196,0.000189231771951461512,0.00230026725620135998,-0.0361487666943311678,-0.00427194268011645874,-0.0352794734931147144,0.998466342158083053,0,2.71051769184451132e-20,-9.67610602150863781e-25,-1.35526346696297605e-20,-5.08222615227213374e-21,-5.66339707510357057e-26,1.69409163518732622e-21,8.48747317694373799e-22,-7.93198097468747831e-23,3.02114323676281157e-19,-3.7769021797340162e-14},
{0.00162086815221952401,0.000417771235611901458,0.000380813718553702407,0.000130121360299505071,0.00653822761159849036,-0.00743165965309839933,0.00196295992795765973,-0.0255935501129657302,-0.00298270054116268847,-0.0254453836871455473,-0.00221368694298163058,0.999193542609579044,1.35525884592225566e-20,-1.6264263017497874e-19,-2.0331243698019508e-20,-3.38869886338654e-21,8.46807768142049263e-22,1.69457156096424066e-21,2.63652932639804116e-25,-3.97055063339885441e-23,-4.34107127359737097e-20,5.42511237347157714e-15},
{5.42615097383577901e-06,-1.94063092410352958e-05,1.70056423359198433e-05,-6.10146401986511605e-05,-1.97393918463855547e-05,-0.00018931648949267098,0.000181686920529884626,-0.00181982896366386952,-0.000207384011732917879,-0.00186367390386583888,-0.000162160649377783486,-0.000119604740822272046,0.999995476646108328,-2.03302682962097091e-20,-2.54139937830559143e-21,-6.35344121096270012e-22,-6.3533348800149963e-22,2.11821754240928439e-22,8.49066585533022693e-21,2.7444297887916409e-23,1.96914141251004745e-19,-2.46221649142761973e-14},
{-5.32449929319920467e-05,0.00018182020523473092,-0.000151923571254386692,-0.000174260524338080497,0.000205948203771812481,0.00244536177716809643,-0.000550020230877035611,0.00776439902773097025,0.000910513982705428698,0.00765550104057158981,0.000666062084699499402,0.000483645364025921056,3.56957743206250575e-05,0.99992732205571655,3.38813433162005107e-21,-4.23515362182285323e-22,4.23539572608758847e-22,-4.23518499319649811e-22,-2.05329166024263348e-22,1.32185251469389814e-23,-3.30298147745958955e-21,4.14437197173674766e-16},
{5.07916748384649625e-06,1.26717468534339148e-06,3.48925341277225918e-07,0.000467616746845783042,1.27871716334553895e-05,4.2368017957492452e-07,-5.07478847328559743e-05,0.000794314987114173995,9.38494393729994385e-05,0.000775436575382929352,6.74720456915237055e-05,4.87749526285033547e-05,3.59078502454653942e-06,-1.46889043517574519e-05,0.99999924955665831,1.05879123039255379e-22,-4.23535451412249767e-22,-1.05878218935815274e-22,-5.09494518122639875e-21,-5.3537800582929508e-23,-9.20911445454676951e-18,1.15088632381797431e-12},
{-4.21256625123528672e-05,-1.19020273753319671e-05,-6.14517204274428453e-06,-0.00170395632266242365,-0.00013341379508487346,3.35421319553445716e-05,-2.09243991788657923e-05,0.000164197434658258537,1.81347029308747924e-05,0.000174539164159030936,1.51818103216080271e-05,1.13734505950940868e-05,8.75227399969410968e-07,-3.37109555529196196e-06,-3.33509411431112725e-07,0.999999956247580535,5.29419302327289335e-23,-2.6469895166768499e-23,3.55328577199272494e-26,1.32357520276987608e-23,5.6819703426614269e-19,-7.10094310859943837e-14},
{-2.01346431675007369e-07,4.5570997645790142e-07,-4.23463996971841609e-07,0.00878213881638278959,2.73660849668178115e-07,4.77724010268393905e-06,-6.04750267043949814e-06,6.73323024778922462e-05,7.72872217846921813e-06,6.80775784185134498e-05,5.96013514085619012e-06,4.34489114415522446e-06,1.50225806860105684e-06,-1.34339223537017311e-06,-1.20785118573530058e-06,9.01971059640078869e-08,0.999955214527979419,-4.23516497548820474e-22,3.26058619493754413e-19,3.42599476105128551e-21,7.64589272735695293e-18,-9.55529445869515772e-13},
{1.6805404565975693e-06,-4.25103073045206987e-06,3.83310136398492881e-06,-0.00165860036664703422,-3.12084213235046262e-06,-5.30616732304968418e-05,1.15683688313058765e-05,-0.00016058215734337451,-1.88104356989751128e-05,-0.000158572343947150355,-1.37975562896849032e-05,-1.00243784346274655e-05,-7.68494351594161083e-07,3.01302359372836885e-06,3.29867536721675814e-07,6.71366350213207329e-08,2.15462413764625171e-06,0.9999999435165563,-3.39644388357180687e-21,-3.94355640844884769e-25,3.62736081260309728e-17,-4.53320433266204414e-12},
{-1.1632947556612904e-07,-3.66130145707673707e-08,-2.98047780625302402e-09,0.0653526690422649575,-3.08929071202119974e-07,-8.77428113238746639e-08,1.17142933386009135e-06,-1.85909634495950841e-05,-2.34386571668878078e-06,-1.81407835577049656e-05,-1.30544656214720686e-06,-1.15262075339067657e-06,8.60821718529797771e-06,2.46909652081551055e-08,-7.92345925989754422e-06,9.05854898420515709e-07,-0.000661668133075535314,1.57125765757317843e-05,0.997552706642730103,-4.06576375286950039e-20,-4.65323644404636154e-15,5.81533478097389724e-10},
{1.00563801196193136e-06,3.30148562335774183e-07,8.3008066942310971e-08,-0.00251827719090022117,3.0587194181891636e-06,2.90118255599767701e-07,5.811567668059297e-08,2.16973562854682734e-06,2.76578827117586952e-07,1.85069507542948101e-06,1.67573258134375898e-07,1.08736605638293628e-07,2.1312430668726617e-07,-4.13915113567477026e-08,-1.92102595049480908e-07,2.07007217231337637e-08,-1.56770672905542144e-05,3.73139731492279027e-07,-0.000116108232789571006,0.999998621157253575,-2.90825862857892969e-16,3.63453479904454876e-11},
{6.15716362104961761e-09,-1.00345644568831811e-08,9.84965534171206783e-09,0.997732711714164666,-2.00051161972913054e-09,-1.11269023415017497e-07,-8.63478120481778771e-08,2.73992060533614334e-07,-2.05031821047916767e-06,1.67060100073237123e-07,3.90956999476938121e-06,-1.60556873551900241e-07,0.000124009313285644698,-4.55249161400702985e-06,-0.000113543170174359136,1.28123913934057414e-05,-0.00944024885532061819,0.000224277348567390467,-0.0699180927544292979,-0.00166061627943406157,0.00298240923085003667,1.33628712209914407e-08},
{-5.08934464435862652e-08,9.43275326488177803e-08,-9.04630316656480554e-08,-0.0130027455554400269,3.26198045838923359e-08,1.16813310536369753e-06,-2.40409397316631401e-07,3.26878823986757112e-06,3.88532405857951508e-07,3.23496807213099466e-06,2.6984413866926944e-07,2.05197359740922125e-07,-3.54704871765581684e-07,-4.79088505190866659e-08,3.32425227156661566e-07,-3.96462340211673649e-08,2.81542593727623715e-05,-6.6761551195024562e-07,0.000208525437569655273,4.95264522239732596e-06,0.99999555256267747,8.00173038547323602e-06}
}
